[-1  0  0 -1][-23.46528864  14.63847234 -17.58505579  34.41167667]
[-1  0  0 -1][-5.17444451 -2.17536782 -1.0885451   5.60535366]
[-1  0  0 -1][-5.17444451 -2.17536782 -1.0885451   5.60535366]
[-1  0  0 -1][-5.17444451 -2.17536782 -1.0885451   5.60535366]
[-1  0  0 -1][-5.17444451 -2.17536782 -1.0885451   5.60535366]
[-1  0  0 -1][-5.17444451 -2.17536782 -1.0885451   5.60535366]
[-1  0  0 -1][-5.17444451 -2.17536782 -1.0885451   5.60535366]
[-1  0  0 -1][ 5.07035368  3.03717207 13.65529422 -6.49348803]
[-1  0  0 -1][ 5.07035368  3.03717207 13.65529422 -6.49348803]
[-1  0  0 -1][ 5.07035368  3.03717207 13.65529422 -6.49348803]
[-1  0  0 -1][  2.12306625 -13.57001727   3.98503234   1.78704774]
[-1  0  0 -1][  2.12306625 -13.57001727   3.98503234   1.78704774]
[-1  0  0 -1][  2.12306625 -13.57001727   3.98503234   1.78704774][-1 -1 -1  0][ -7.21776242   4.50379301   2.9129478  -13.8760111 ]
[ 0 -1 -1 -1][-6.38990128  9.20822659  7.87672316 13.41085212]
[ 0 -1 -1  0][-2.1156814  -9.53936773 12.25186502  1.7035602 ]
[-1 -1 -1  0][-1.91933901 -5.54367478 -2.71711314 -1.71435186]
[-1  0 -1 -1][  3.89906913   6.19156944  -2.05733299 -10.01434662]
[-1  0  0 -1][-2.00625144 -3.2262941  -4.44137661 -1.60784298]

None
None
None
None
None
None
None
None
None
[ 0 -1  0  0][-16.01973515 -24.4004657   12.74026586   5.79608605][ 0 -1  0  0][-44.33492991 -62.85775051   7.76272902 -12.00565376]